(2, 1, 2) 0
(2, 1, 4) 0
(2, 1, 6) 0
(2, 1, 8) 0
(2, 1, 10) 0
(2, 1, 12) 0
(2, 1, 14) 0
(2, 1, 16) 0
(2, 1, 18) 0
(2, 1, 20) 0
(2, 1, 22) 0
(2, 1, 26) 0
(2, 3, 2) 0
(2, 3, 4) 0
(2, 3, 6) 0
(2, 3, 8) 0
(2, 3, 12) 0
(2, 3, 16) 16848
(2, 3, 18) 78264
(2, 5, 2) 0
(2, 5, 4) 0
(2, 5, 6) 0
(2, 7, 2) 0
(2, 7, 4) 0
(2, 9, 2) 0
(2, 9, 4) 0
(2, 9, 6) 0
(2, 11, 2) 0
(2, 13, 2) 0
(2, 15, 2) 0
(2, 15, 4) 3
(2, 15, 10) 7
(2, 17, 2) 0
(2, 19, 2) 0
(2, 21, 2) 0
(2, 25, 2) 0
(2, 27, 2) 0
(2, 33, 2) 0
(2, 37, 2) 0
(2, 45, 2) 0
(2, 49, 2) 0
(2, 55, 2) 1
(2, 57, 2) 0
