(4, 1, 2) 0
(4, 1, 4) 0
(4, 1, 6) 0
(4, 1, 8) 0
(4, 1, 10) 0
(4, 1, 12) 0
(4, 1, 14) 0
(4, 1, 16) 0
(4, 1, 18) 0
(4, 1, 20) 0
(4, 1, 22) 0
(4, 1, 26) 0
(4, 1, 28) -5476792974442496
(4, 1, 30) -33303756082774016
(4, 1, 32) -3421384826474725376
(4, 1, 34) -127176851264462913536
(4, 1, 36) -2840345991664933797888
(4, 1, 38) -5194003705230320992256
(4, 1, 40) -315256726945553577934848
(4, 1, 42) -1091183005564614651936768
(4, 1, 44) -71273117116906544308420608
(4, 1, 46) -563064664739663912682651648
(4, 1, 48) -48429162938527253174902849536
(4, 1, 50) -4390155240907446548774780928
(4, 1, 54) -87531330628918548313390140358656
(4, 1, 56) -3030260326041484880885940728365056
(4, 1, 58) -26482602675706842984064871150125056
(4, 1, 60) -167619384686483509843889769792143360
(4, 1, 62) -11469263543913765477018604370191712256
(4, 1, 64) -213395078760949597911431261457203855360
(4, 1, 68) -28023316310032521209026470194265309839360
(4, 1, 70) -930501949398936396042651455347583677890560
(4, 1, 74) -255573360976651337400326255474415208717352960
(4, 1, 78) -36264664532725216181416746283496020118643671040
(4, 1, 80) -22848843900015409449928610338287704689622384640
(4, 1, 82) -14272820441924800749768485558218913678893504266240
(4, 1, 84) -75194126731589563432024384401201182502101855502336
(4, 1, 88) -34513642073624935326941074068185183002474642922274816
(4, 1, 90) -64560187119224465863559447712418506043418630827278336
(4, 1, 92) -9620675208824979166212688006982266824075562554539114496
(4, 1, 98) -71769995458662420223087236267937068666821844100385945419776
(4, 1, 106) -2220431876275763008386376881482445771533456717817368941741211648
(4, 1, 116) -3511135805093078501169597400434576747882532454160906056652400241934336
(4, 1, 122) -14804744254153517595206722291349097738523879837199507777737573237140750336
(4, 1, 126) -4688498587799114119783495705183241779777617180749871892411067856537224478720
(4, 1, 134) -61187190454107582181875827783181462646293860180392583839278675295260910100152320
(4, 3, 2) 0
(4, 3, 4) 0
(4, 3, 6) 0
(4, 3, 8) 0
(4, 3, 10) -147392
(4, 3, 12) 0
(4, 3, 14) -111560640
(4, 3, 16) -606516992
(4, 3, 18) -54265149888
(4, 3, 28) -45555199529484288
(4, 3, 32) -7637789348866252544
(4, 3, 34) -192349991351574441408
(4, 3, 40) -74423616264996160620288
(4, 3, 42) -9820369681399500092799936
(4, 3, 44) -156886455340680774121623552
(4, 3, 52) -16251518971770091270259655191552
(4, 3, 60) -878936424604520754164421315880452096
(4, 3, 76) -3844939674950086518042764291079780543455219712
(4, 5, 2) 0
(4, 5, 4) 0
(4, 5, 6) 0
(4, 5, 8) -21568
(4, 5, 10) -296128
(4, 5, 14) -113456960
(4, 5, 16) -2623005760
(4, 5, 18) -39588429760
(4, 5, 24) -276819108069696
(4, 5, 34) -55108383547946386880
(4, 5, 42) -13049427635744332563834048
(4, 7, 2) 0
(4, 7, 4) 0
(4, 7, 6) -808
(4, 7, 8) -10408
(4, 7, 10) -697352
(4, 7, 14) -134610120
(4, 7, 16) -1032204840
(4, 7, 18) -11302418824
(4, 7, 24) -303668922547112
(4, 9, 2) 0
(4, 9, 4) 0
(4, 9, 6) 0
(4, 9, 10) -452544
(4, 9, 12) -3297792
(4, 9, 14) -118269248
(4, 9, 18) -41420367552
(4, 11, 2) 0
(4, 11, 6) -1692
(4, 13, 2) 0
(4, 13, 4) -111
(4, 13, 6) -2391
(4, 13, 8) -13287
(4, 13, 10) -237911
(4, 15, 2) 0
(4, 15, 4) -7
(4, 15, 10) -540103
(4, 15, 12) -15460727
(4, 15, 20) -1148646861879
(4, 17, 2) 0
(4, 17, 6) -2279
(4, 19, 2) 0
(4, 19, 8) -34635
(4, 21, 2) 0
(4, 21, 6) -2247
(4, 21, 12) -13538599
(4, 23, 2) -1
(4, 23, 4) -120
(4, 25, 2) 0
(4, 25, 4) -63
(4, 27, 2) 0
(4, 27, 6) -1635
(4, 29, 2) -7
(4, 29, 4) -242
(4, 31, 2) -1
(4, 33, 2) 0
(4, 33, 6) -466
(4, 35, 2) -8
(4, 35, 4) -23
(4, 37, 2) -4
(4, 37, 4) -194
(4, 39, 2) -9
(4, 39, 4) -90
(4, 41, 2) -5
(4, 43, 2) 0
(4, 43, 4) -202
(4, 45, 2) 0
(4, 45, 8) -51458
(4, 47, 2) -9
(4, 49, 2) 0
(4, 49, 6) -210
(4, 51, 2) -8
(4, 51, 4) -210
(4, 53, 2) -6
(4, 55, 2) -9
(4, 57, 2) 0
(4, 57, 4) -138
(4, 61, 2) -6
(4, 63, 2) -1
(4, 65, 2) -6
(4, 67, 2) -9
(4, 73, 2) -7
(4, 75, 2) 0
(4, 77, 2) -13
(4, 79, 2) -6
(4, 81, 4) -9
(4, 83, 2) -2
(4, 85, 2) -6
(4, 91, 2) -8
(4, 93, 2) -7
(4, 97, 2) -6
(4, 99, 2) -3
(4, 107, 2) -4
(4, 109, 2) -13
(4, 113, 2) -11
(4, 117, 2) -6
(4, 121, 2) -3
(4, 123, 2) -8
(4, 125, 2) -3
(4, 129, 2) -6
(4, 137, 2) -2
(4, 139, 2) -1
(4, 141, 2) -5
(4, 145, 2) -4
(4, 151, 2) -7
(4, 169, 2) -13
(4, 175, 2) -7
(4, 177, 2) -18
(4, 205, 2) 0
(4, 225, 2) -5
(4, 261, 2) -11
